model_name: nnc_1 
acc: 0.6380566954612732 
loss: 1.0919817686080933 
f1: 0.3306661541610749 
f2: 0.3273491247416676 
mcc: 0.3968549971528217 
mse: 0.965991902834008 
