model_name: nnc_3 
acc: 0.6672064661979675 
loss: 2.0653798580169678 
f1: 0.5640654046479939 
f2: 0.5863749497339333 
mcc: 0.46904739742786544 
mse: 0.7991902834008097 
