model_name: nnc_2 
acc: 0.6307692527770996 
loss: 0.8728594779968262 
f1: 0.2814847501622323 
f2: 0.30186947590145663 
mcc: 0.4573112312927815 
mse: 1.0995951417004048 
